213
597
761
394
533
485
291
159
804
723
860
847
299
331
185
896
819
363
679
328
478
939
966
870
167
715
298
271
999
845
106
679
930
61
718
607
801
722
596
811
679
908
136
339
7
109
386
424
206
977
55
18
603
541
752
273
631
891
227
817
187
20
159
958
617
182
917
239
612
578
95
97
766
867
649
570
803
627
863
59
330
873
65
23
790
89
77
390
309
446
975
910
495
778
624
660
749
177
722
825
192
148
812
628
882
957
251
735
892
183
469
4
28
169
488
313
955
136
169
529
105
527
930
166
603
185
602
987
244
988
820
626
905
39
866
183
62
437
141
832
837
342
497
126
977
971
882
327
291
311
705
613
9
193
720
664
218
646
26
697
356
264
492
903
363
842
99
988
302
305
252
518
995
337
691
763
30
804
189
631
302
276
696
932
284
207
618
712
319
203
965
415
412
443
476
574
849
594
763
135
873
893
25
986
60
187
618
672
501
957
634
413
458
394
396
81
567
560
619
156
225
387
670
100
340
836
107
553
860
118
913
436
42
54
758
408
251
710
872
98
589
946
211
361
568
553
957
18
48
396
7
290
974
607
910
486
223
925
647
223
81
66
811
384
44
199
371
404
636
987
829
856
687
522
567
278
176
309
531
787
